'HUST SC Gantry DownStream'
0
15. 11.0 /MEV/ .001 ;
15. 6. /%/ 1.0   ;
15. 1. /mm/ 0.1   ;

1. 3.5 7.5 3.5 7.5 0.0 0.0 729.134 /BEAM/ ;

13 3;
13 6;

3. 0.01 /CP/;
3. 1.3 ;
5. 0.27 -4.3737 30. /QG0/ ;
3. 0.35 ;
5. 0.27 5.398396 30. /QG1/ ;
3. 0.7 ;

16. 5. 30;
16. 7. 0.0;
20. -180.0 ;
2. 0 /A1/ ;
4. 0.2617993877991494 -24.32128299585206 5.9 /CD1/ ;
2. 0 /B1/ ;
20. 180.0 ;
3. 0.3;
20. -180.0 ;
2. 0 /A1/ ;
4. 0.2617993877991494 -24.32128299585206 -22.9 /CD1/ ;
2. 0 /B1/ ;
20. 180.0 ;
3. 0.3;
20. -180.0 ;
2. 0 /A1/ ;
4. 0.2617993877991494 -24.32128299585206 5.9 /CD3/ ;
2. 0 /B1/ ;
20. 180.0 ;

3. 0.8 ;

13 4;

SENTINEL

SENTINEL
SENTINEL