 CERN Transport, Version 1985 by Dave Carey
 Recompiled for Windows by U. Rohrer (PSI), 8.Dec.2004
1
0"HUST SC Gantry DownStream                                                       "
0    0
    15.                        11.00000   "MEV "        0.00100 ;
    15.                         6.00000   "%   "        1.00000 ;
    15.                         1.00000   "mm  "        0.10000 ;
     1.000000       "BEAM"      3.50000     7.50000     3.50000     7.50000     0.00000     0.00000   729.13403;
    13.                         3.00000;
    13.                         6.00000;
     3.0            "CP  "      0.01000;
     3.0                        1.00000;
     5.00           "QG0 "      0.27000    -4.37370    30.00000;
     3.0                        0.30000;
     5.00           "QG1 "      0.27000     5.30000    30.00000;
     3.0                        0.70000;
    16.00                       5.00000    30.00000;
    16.00                       7.00000     0.00000;
    20.0                     -180.00000;
     2.0            "A1  "      0.00000;
     4.000          "CD1 "      0.26180   -24.32128      5.90000;
     2.0            "B1  "      0.00000;
    20.0                      180.00000;
     3.0                        0.30000;
    20.0                     -180.00000;
     2.0            "A1  "      0.00000;
     4.000          "CD1 "      0.26180   -24.32128    -22.90000;
     2.0            "B1  "      0.00000;
    20.0                      180.00000;
     3.0                        0.30000;
    20.0                     -180.00000;
     2.0            "A1  "      0.00000;
     4.000          "CD3 "      0.26180   -24.32128      5.90000;
     2.0            "B1  "      0.00000;
    20.0                      180.00000;
     3.0                        0.80000;
    13.                         4.00000;
0SENTINEL
0   33 ELEMENTS USED OUT OF A MAXIMUM ALLOWABLE 3750
    91 NUMBERS USED OUT OF A MAXIMUM ALLOWABLE 18000
1HUST SC Gantry DownStream                                                       

 *BEAM*          1.     "BEAM"    729.13403 MEV 
      0.000 M                                                              0.000   3.500 mm  
                                                                           0.000   7.500 MR      0.000
                                                                           0.000   3.500 mm      0.000  0.000
                                                                           0.000   7.500 MR      0.000  0.000  0.000
                                                                           0.000   0.000 CM      0.000  0.000  0.000  0.000
                                                                           0.000   0.000 %       0.000  0.000  0.000  0.000  0.000
 *DRIFT*         3.     "CP  "      0.01000 M   
      0.010 M                                                              0.000   3.501 mm  
                                                                           0.000   7.500 MR      0.021
                                                                           0.000   3.501 mm      0.000  0.000
                                                                           0.000   7.500 MR      0.000  0.000  0.021
                                                                           0.000   0.000 CM      0.000  0.000  0.000  0.000
                                                                           0.000   0.000 %       0.000  0.000  0.000  0.000  0.000
 *TRANSFORM 1*                
              1.00000   0.01000   0.00000   0.00000   0.00000   0.00000
              0.00000   1.00000   0.00000   0.00000   0.00000   0.00000
              0.00000   0.00000   1.00000   0.01000   0.00000   0.00000
              0.00000   0.00000   0.00000   1.00000   0.00000   0.00000
              0.00000   0.00000   0.00000   0.00000   1.00000   0.00000
              0.00000   0.00000   0.00000   0.00000   0.00000   1.00000
 *DRIFT*         3.                 1.00000 M   
      1.010 M                                                              0.000   8.344 mm  
                                                                           0.000   7.500 MR      0.908
                                                                           0.000   8.344 mm      0.000  0.000
                                                                           0.000   7.500 MR      0.000  0.000  0.908
                                                                           0.000   0.000 CM      0.000  0.000  0.000  0.000
                                                                           0.000   0.000 %       0.000  0.000  0.000  0.000  0.000
 *TRANSFORM 1*                
              1.00000   1.01000   0.00000   0.00000   0.00000   0.00000
              0.00000   1.00000   0.00000   0.00000   0.00000   0.00000
              0.00000   0.00000   1.00000   1.01000   0.00000   0.00000
              0.00000   0.00000   0.00000   1.00000   0.00000   0.00000
              0.00000   0.00000   0.00000   0.00000   1.00000   0.00000
              0.00000   0.00000   0.00000   0.00000   0.00000   1.00000
 *QUAD*          5.     "QG0 "      0.27000 M        -4.37370 KG       30.00000 mm   (   -0.57506 M   )
      1.280 M                                                              0.000  12.244 mm  
                                                                           0.000  23.185 MR      0.996
                                                                           0.000   8.331 mm      0.000  0.000
                                                                           0.000   7.587 MR      0.000  0.000 -0.910
                                                                           0.000   0.000 CM      0.000  0.000  0.000  0.000
                                                                           0.000   0.000 %       0.000  0.000  0.000  0.000  0.000
 *TRANSFORM 1*                
              1.22657   1.52893   0.00000   0.00000   0.00000   0.00000
              1.73895   2.98290   0.00000   0.00000   0.00000   0.00000
              0.00000   0.00000   0.78935   1.04800   0.00000   0.00000
              0.00000   0.00000  -1.50314  -0.72883   0.00000   0.00000
              0.00000   0.00000   0.00000   0.00000   1.00000   0.00000
              0.00000   0.00000   0.00000   0.00000   0.00000   1.00000
 *DRIFT*         3.                 0.30000 M   
      1.580 M                                                              0.000  19.181 mm  
                                                                           0.000  23.185 MR      0.998
                                                                           0.000   6.332 mm      0.000  0.000
                                                                           0.000   7.587 MR      0.000  0.000 -0.837
                                                                           0.000   0.000 CM      0.000  0.000  0.000  0.000
                                                                           0.000   0.000 %       0.000  0.000  0.000  0.000  0.000
 *TRANSFORM 1*                
              1.74825   2.42380   0.00000   0.00000   0.00000   0.00000
              1.73895   2.98290   0.00000   0.00000   0.00000   0.00000
              0.00000   0.00000   0.33840   0.82935   0.00000   0.00000
              0.00000   0.00000  -1.50314  -0.72883   0.00000   0.00000
              0.00000   0.00000   0.00000   0.00000   1.00000   0.00000
              0.00000   0.00000   0.00000   0.00000   0.00000   1.00000
 *QUAD*          5.     "QG1 "      0.27000 M         5.30000 KG       30.00000 mm   (    0.55782 M   )
      1.850 M                                                              0.000  20.037 mm  
                                                                           0.000  17.133 MR     -0.997
                                                                           0.000   6.332 mm      0.000  0.000
                                                                           0.000   7.584 MR      0.000  0.000  0.837
                                                                           0.000   0.000 CM      0.000  0.000  0.000  0.000
                                                                           0.000   0.000 %       0.000  0.000  0.000  0.000  0.000
 *TRANSFORM 1*                
              1.73460   2.54604   0.00000   0.00000   0.00000   0.00000
             -1.83556  -2.11773   0.00000   0.00000   0.00000   0.00000
              0.00000   0.00000  -0.01060   0.84419   0.00000   0.00000
              0.00000   0.00000  -1.19516   0.84350   0.00000   0.00000
              0.00000   0.00000   0.00000   0.00000   1.00000   0.00000
              0.00000   0.00000   0.00000   0.00000   0.00000   1.00000
 *DRIFT*         3.                 0.70000 M   
      2.550 M                                                              0.000   8.131 mm  
                                                                           0.000  17.133 MR     -0.982
                                                                           0.000  11.161 mm      0.000  0.000
                                                                           0.000   7.584 MR      0.000  0.000  0.951
                                                                           0.000   0.000 CM      0.000  0.000  0.000  0.000
                                                                           0.000   0.000 %       0.000  0.000  0.000  0.000  0.000
 *TRANSFORM 1*                
              0.44971   1.06363   0.00000   0.00000   0.00000   0.00000
             -1.83556  -2.11773   0.00000   0.00000   0.00000   0.00000
              0.00000   0.00000  -0.84722   1.43464   0.00000   0.00000
              0.00000   0.00000  -1.19516   0.84350   0.00000   0.00000
              0.00000   0.00000   0.00000   0.00000   1.00000   0.00000
              0.00000   0.00000   0.00000   0.00000   0.00000   1.00000
 * G/2 *        16.                 5.    0.30000E+02
 * K1 *         16.                 7.    0.00000E+00
 *Z RO*         20.              -180.00000 DEG
      2.550 M                                                              0.000   8.131 mm  
                                                                           0.000  17.133 MR     -0.982
                                                                           0.000  11.161 mm      0.000  0.000
                                                                           0.000   7.584 MR      0.000  0.000  0.951
                                                                           0.000   0.000 CM      0.000  0.000  0.000  0.000
                                                                           0.000   0.000 %       0.000  0.000  0.000  0.000  0.000
 *TRANSFORM 1*                
             -0.44971  -1.06363   0.00000   0.00000   0.00000   0.00000
              1.83556   2.11773   0.00000   0.00000   0.00000   0.00000
              0.00000   0.00000   0.84722  -1.43464   0.00000   0.00000
              0.00000   0.00000   1.19516  -0.84350   0.00000   0.00000
              0.00000   0.00000   0.00000   0.00000   1.00000   0.00000
              0.00000   0.00000   0.00000   0.00000   0.00000   1.00000
 *ROTAT*         2.     "A1  "      0.00000 DEG 
      2.550 M                                                              0.000   8.131 mm  
                                                                           0.000  17.133 MR     -0.982
                                                                           0.000  11.161 mm      0.000  0.000
                                                                           0.000   7.584 MR      0.000  0.000  0.951
                                                                           0.000   0.000 CM      0.000  0.000  0.000  0.000
                                                                           0.000   0.000 %       0.000  0.000  0.000  0.000  0.000
 *TRANSFORM 1*                
             -0.44971  -1.06363   0.00000   0.00000   0.00000   0.00000
              1.83556   2.11773   0.00000   0.00000   0.00000   0.00000
              0.00000   0.00000   0.84722  -1.43464   0.00000   0.00000
              0.00000   0.00000   1.19516  -0.84350   0.00000   0.00000
              0.00000   0.00000   0.00000   0.00000   1.00000   0.00000
              0.00000   0.00000   0.00000   0.00000   0.00000   1.00000
 *BEND*          4.     "CD1 "      0.26180 M       -24.32128 KG        5.90000      (    -1.000 M   , -15.000 DEG )
      2.812 M                                                              0.000   4.960 mm  
                                                                           0.000   9.495 MR     -0.830
                                                                           0.000  10.758 mm      0.000  0.000
                                                                           0.000  10.472 MR      0.000  0.000 -0.972
                                                                           0.000   0.166 CM      0.994 -0.888  0.000  0.000
                                                                           0.000   0.000 %       0.000  0.000  0.000  0.000  0.000
 *TRANSFORM 1*                
             -0.01946  -0.66131   0.00000   0.00000   0.00000  -0.35239
              1.54278   1.04129   0.00000   0.00000   0.00000  -2.76701
              0.00000   0.00000   0.97384  -1.36046   0.00000   0.00000
              0.00000   0.00000  -0.26064   1.39098   0.00000   0.00000
             -0.00598  -0.02197   0.00000   0.00000   1.00000  -0.00304
              0.00000   0.00000   0.00000   0.00000   0.00000   1.00000
 *ROTAT*         2.     "B1  "      0.00000 DEG 
      2.812 M                                                              0.000   4.960 mm  
                                                                           0.000   9.495 MR     -0.830
                                                                           0.000  10.758 mm      0.000  0.000
                                                                           0.000  10.472 MR      0.000  0.000 -0.972
                                                                           0.000   0.166 CM      0.994 -0.888  0.000  0.000
                                                                           0.000   0.000 %       0.000  0.000  0.000  0.000  0.000
 *TRANSFORM 1*                
             -0.01946  -0.66131   0.00000   0.00000   0.00000  -0.35239
              1.54278   1.04129   0.00000   0.00000   0.00000  -2.76701
              0.00000   0.00000   0.97384  -1.36046   0.00000   0.00000
              0.00000   0.00000  -0.26064   1.39098   0.00000   0.00000
             -0.00598  -0.02197   0.00000   0.00000   1.00000  -0.00304
              0.00000   0.00000   0.00000   0.00000   0.00000   1.00000
 *Z RO*         20.               180.00000 DEG
      2.812 M                                                              0.000   4.960 mm  
                                                                           0.000   9.495 MR     -0.830
                                                                           0.000  10.758 mm      0.000  0.000
                                                                           0.000  10.472 MR      0.000  0.000 -0.972
                                                                           0.000   0.166 CM     -0.994  0.888  0.000  0.000
                                                                           0.000   0.000 %       0.000  0.000  0.000  0.000  0.000
 *TRANSFORM 1*                
              0.01946   0.66131   0.00000   0.00000   0.00000   0.35239
             -1.54278  -1.04129   0.00000   0.00000   0.00000   2.76701
              0.00000   0.00000  -0.97384   1.36046   0.00000   0.00000
              0.00000   0.00000   0.26064  -1.39098   0.00000   0.00000
             -0.00598  -0.02197   0.00000   0.00000   1.00000  -0.00304
              0.00000   0.00000   0.00000   0.00000   0.00000   1.00000
 *DRIFT*         3.                 0.30000 M   
      3.112 M                                                              0.000   3.042 mm  
                                                                           0.000   9.495 MR     -0.417
                                                                           0.000   7.737 mm      0.000  0.000
                                                                           0.000  10.472 MR      0.000  0.000 -0.946
                                                                           0.000   0.166 CM     -0.789  0.888  0.000  0.000
                                                                           0.000   0.000 %       0.000  0.000  0.000  0.000  0.000
 *TRANSFORM 1*                
             -0.44337   0.34893   0.00000   0.00000   0.00000   1.18250
             -1.54278  -1.04129   0.00000   0.00000   0.00000   2.76701
              0.00000   0.00000  -0.89565   0.94316   0.00000   0.00000
              0.00000   0.00000   0.26064  -1.39098   0.00000   0.00000
             -0.00598  -0.02197   0.00000   0.00000   1.00000  -0.00304
              0.00000   0.00000   0.00000   0.00000   0.00000   1.00000
 *Z RO*         20.              -180.00000 DEG
      3.112 M                                                              0.000   3.042 mm  
                                                                           0.000   9.495 MR     -0.417
                                                                           0.000   7.737 mm      0.000  0.000
                                                                           0.000  10.472 MR      0.000  0.000 -0.946
                                                                           0.000   0.166 CM      0.789 -0.888  0.000  0.000
                                                                           0.000   0.000 %       0.000  0.000  0.000  0.000  0.000
 *TRANSFORM 1*                
              0.44337  -0.34893   0.00000   0.00000   0.00000  -1.18250
              1.54278   1.04129   0.00000   0.00000   0.00000  -2.76701
              0.00000   0.00000   0.89565  -0.94316   0.00000   0.00000
              0.00000   0.00000  -0.26064   1.39098   0.00000   0.00000
             -0.00598  -0.02197   0.00000   0.00000   1.00000  -0.00304
              0.00000   0.00000   0.00000   0.00000   0.00000   1.00000
 *ROTAT*         2.     "A1  "      0.00000 DEG 
      3.112 M                                                              0.000   3.042 mm  
                                                                           0.000   9.495 MR     -0.417
                                                                           0.000   7.737 mm      0.000  0.000
                                                                           0.000  10.472 MR      0.000  0.000 -0.946
                                                                           0.000   0.166 CM      0.789 -0.888  0.000  0.000
                                                                           0.000   0.000 %       0.000  0.000  0.000  0.000  0.000
 *TRANSFORM 1*                
              0.44337  -0.34893   0.00000   0.00000   0.00000  -1.18250
              1.54278   1.04129   0.00000   0.00000   0.00000  -2.76701
              0.00000   0.00000   0.89565  -0.94316   0.00000   0.00000
              0.00000   0.00000  -0.26064   1.39098   0.00000   0.00000
             -0.00598  -0.02197   0.00000   0.00000   1.00000  -0.00304
              0.00000   0.00000   0.00000   0.00000   0.00000   1.00000
 *BEND*          4.     "CD1 "      0.26180 M       -24.32128 KG      -22.90000      (    -1.000 M   , -15.000 DEG )
      3.374 M                                                              0.000   1.693 mm  
                                                                           0.000  15.583 MR      0.103
                                                                           0.000  11.376 mm      0.000  0.000
                                                                           0.000  41.258 MR      0.000  0.000  0.998
                                                                           0.000   0.194 CM     -0.340 -0.970  0.000  0.000
                                                                           0.000   0.000 %       0.000  0.000  0.000  0.000  0.000
 *TRANSFORM 1*                
              0.42949   0.10396   0.00000   0.00000   0.00000  -1.17979
             -1.63395   1.93282   0.00000   0.00000   0.00000   2.78479
              0.00000   0.00000   1.60786  -1.31817   0.00000   0.00000
              0.00000   0.00000   6.39528  -4.62107   0.00000   0.00000
              0.00732  -0.02570   0.00000   0.00000   1.00000  -0.03722
              0.00000   0.00000   0.00000   0.00000   0.00000   1.00000
 *ROTAT*         2.     "B1  "      0.00000 DEG 
      3.374 M                                                              0.000   1.693 mm  
                                                                           0.000  15.583 MR      0.103
                                                                           0.000  11.376 mm      0.000  0.000
                                                                           0.000  41.258 MR      0.000  0.000  0.998
                                                                           0.000   0.194 CM     -0.340 -0.970  0.000  0.000
                                                                           0.000   0.000 %       0.000  0.000  0.000  0.000  0.000
 *TRANSFORM 1*                
              0.42949   0.10396   0.00000   0.00000   0.00000  -1.17979
             -1.63395   1.93282   0.00000   0.00000   0.00000   2.78479
              0.00000   0.00000   1.60786  -1.31817   0.00000   0.00000
              0.00000   0.00000   6.39528  -4.62107   0.00000   0.00000
              0.00732  -0.02570   0.00000   0.00000   1.00000  -0.03722
              0.00000   0.00000   0.00000   0.00000   0.00000   1.00000
 *Z RO*         20.               180.00000 DEG
      3.374 M                                                              0.000   1.693 mm  
                                                                           0.000  15.583 MR      0.103
                                                                           0.000  11.376 mm      0.000  0.000
                                                                           0.000  41.258 MR      0.000  0.000  0.998
                                                                           0.000   0.194 CM      0.340  0.970  0.000  0.000
                                                                           0.000   0.000 %       0.000  0.000  0.000  0.000  0.000
 *TRANSFORM 1*                
             -0.42949  -0.10396   0.00000   0.00000   0.00000   1.17979
              1.63395  -1.93282   0.00000   0.00000   0.00000  -2.78479
              0.00000   0.00000  -1.60786   1.31817   0.00000   0.00000
              0.00000   0.00000  -6.39528   4.62107   0.00000   0.00000
              0.00732  -0.02570   0.00000   0.00000   1.00000  -0.03722
              0.00000   0.00000   0.00000   0.00000   0.00000   1.00000
 *DRIFT*         3.                 0.30000 M   
      3.674 M                                                              0.000   5.133 mm  
                                                                           0.000  15.583 MR      0.945
                                                                           0.000  23.744 mm      0.000  0.000
                                                                           0.000  41.258 MR      0.000  0.000  1.000
                                                                           0.000   0.194 CM      0.996  0.970  0.000  0.000
                                                                           0.000   0.000 %       0.000  0.000  0.000  0.000  0.000
 *TRANSFORM 1*                
              0.06069  -0.68381   0.00000   0.00000   0.00000   0.34435
              1.63395  -1.93282   0.00000   0.00000   0.00000  -2.78479
              0.00000   0.00000  -3.52645   2.70449   0.00000   0.00000
              0.00000   0.00000  -6.39528   4.62107   0.00000   0.00000
              0.00732  -0.02570   0.00000   0.00000   1.00000  -0.03722
              0.00000   0.00000   0.00000   0.00000   0.00000   1.00000
 *Z RO*         20.              -180.00000 DEG
      3.674 M                                                              0.000   5.133 mm  
                                                                           0.000  15.583 MR      0.945
                                                                           0.000  23.744 mm      0.000  0.000
                                                                           0.000  41.258 MR      0.000  0.000  1.000
                                                                           0.000   0.194 CM     -0.996 -0.970  0.000  0.000
                                                                           0.000   0.000 %       0.000  0.000  0.000  0.000  0.000
 *TRANSFORM 1*                
             -0.06069   0.68381   0.00000   0.00000   0.00000  -0.34435
             -1.63395   1.93282   0.00000   0.00000   0.00000   2.78479
              0.00000   0.00000   3.52645  -2.70449   0.00000   0.00000
              0.00000   0.00000   6.39528  -4.62107   0.00000   0.00000
              0.00732  -0.02570   0.00000   0.00000   1.00000  -0.03722
              0.00000   0.00000   0.00000   0.00000   0.00000   1.00000
 *ROTAT*         2.     "A1  "      0.00000 DEG 
      3.674 M                                                              0.000   5.133 mm  
                                                                           0.000  15.583 MR      0.945
                                                                           0.000  23.744 mm      0.000  0.000
                                                                           0.000  41.258 MR      0.000  0.000  1.000
                                                                           0.000   0.194 CM     -0.996 -0.970  0.000  0.000
                                                                           0.000   0.000 %       0.000  0.000  0.000  0.000  0.000
 *TRANSFORM 1*                
             -0.06069   0.68381   0.00000   0.00000   0.00000  -0.34435
             -1.63395   1.93282   0.00000   0.00000   0.00000   2.78479
              0.00000   0.00000   3.52645  -2.70449   0.00000   0.00000
              0.00000   0.00000   6.39528  -4.62107   0.00000   0.00000
              0.00732  -0.02570   0.00000   0.00000   1.00000  -0.03722
              0.00000   0.00000   0.00000   0.00000   0.00000   1.00000
 *BEND*          4.     "CD3 "      0.26180 M       -24.32128 KG        5.90000      (    -1.000 M   , -15.000 DEG )
      3.935 M                                                              0.000  10.191 mm  
                                                                           0.000  24.953 MR      0.995
                                                                           0.000  29.188 mm      0.000  0.000
                                                                           0.000   1.393 MR      0.000  0.000 -0.763
                                                                           0.000   0.000 CM      0.661  0.735  0.000  0.000
                                                                           0.000   0.000 %       0.000  0.000  0.000  0.000  0.000
 *TRANSFORM 1*                
             -0.52329   1.33670   0.00000   0.00000   0.00000   0.01435
             -1.99837   3.19369   0.00000   0.00000   0.00000   0.03176
              0.00000   0.00000   4.40084  -3.30574   0.00000   0.00000
              0.00000   0.00000   0.05796   0.18369   0.00000   0.00000
             -0.00012   0.00003   0.00000   0.00000   1.00000  -0.03998
              0.00000   0.00000   0.00000   0.00000   0.00000   1.00000
 *ROTAT*         2.     "B1  "      0.00000 DEG 
      3.935 M                                                              0.000  10.191 mm  
                                                                           0.000  24.953 MR      0.995
                                                                           0.000  29.188 mm      0.000  0.000
                                                                           0.000   1.393 MR      0.000  0.000 -0.763
                                                                           0.000   0.000 CM      0.661  0.735  0.000  0.000
                                                                           0.000   0.000 %       0.000  0.000  0.000  0.000  0.000
 *TRANSFORM 1*                
             -0.52329   1.33670   0.00000   0.00000   0.00000   0.01435
             -1.99837   3.19369   0.00000   0.00000   0.00000   0.03176
              0.00000   0.00000   4.40084  -3.30574   0.00000   0.00000
              0.00000   0.00000   0.05796   0.18369   0.00000   0.00000
             -0.00012   0.00003   0.00000   0.00000   1.00000  -0.03998
              0.00000   0.00000   0.00000   0.00000   0.00000   1.00000
 *Z RO*         20.               180.00000 DEG
      3.935 M                                                              0.000  10.191 mm  
                                                                           0.000  24.953 MR      0.995
                                                                           0.000  29.188 mm      0.000  0.000
                                                                           0.000   1.393 MR      0.000  0.000 -0.763
                                                                           0.000   0.000 CM     -0.661 -0.735  0.000  0.000
                                                                           0.000   0.000 %       0.000  0.000  0.000  0.000  0.000
 *TRANSFORM 1*                
              0.52329  -1.33670   0.00000   0.00000   0.00000  -0.01435
              1.99837  -3.19369   0.00000   0.00000   0.00000  -0.03176
              0.00000   0.00000  -4.40084   3.30574   0.00000   0.00000
              0.00000   0.00000  -0.05796  -0.18369   0.00000   0.00000
             -0.00012   0.00003   0.00000   0.00000   1.00000  -0.03998
              0.00000   0.00000   0.00000   0.00000   0.00000   1.00000
 *DRIFT*         3.                 0.80000 M   
      4.735 M                                                              0.000  30.117 mm  
                                                                           0.000  24.953 MR      0.999
                                                                           0.000  28.347 mm      0.000  0.000
                                                                           0.000   1.393 MR      0.000  0.000 -0.747
                                                                           0.000   0.000 CM     -0.711 -0.735  0.000  0.000
                                                                           0.000   0.000 %       0.000  0.000  0.000  0.000  0.000
 *TRANSFORM 1*                
              2.12198  -3.89165   0.00000   0.00000   0.00000  -0.03976
              1.99837  -3.19369   0.00000   0.00000   0.00000  -0.03176
              0.00000   0.00000  -4.44721   3.15879   0.00000   0.00000
              0.00000   0.00000  -0.05796  -0.18369   0.00000   0.00000
             -0.00012   0.00003   0.00000   0.00000   1.00000  -0.03998
              0.00000   0.00000   0.00000   0.00000   0.00000   1.00000
0*LENGTH*          4.73540 M   
 Transport finished
